1 0.16936572199730093 0.23617021276595745 0.19568151147098514 0.09787234042553192
1 0.17307692307692307 0.3347517730496454 0.20040485829959515 0.09361702127659574
1 0.17172739541160595 0.4276595744680851 0.19770580296896087 0.09219858156028368
1 0.17307692307692307 0.5191489361702127 0.19635627530364372 0.09078014184397164
3 0.17543859649122806 0.6106382978723405 0.1970310391363023 0.07801418439716312
3 0.17375168690958165 0.6950354609929078 0.19770580296896087 0.09361702127659574
3 0.17375168690958165 0.7780141843971631 0.19770580296896087 0.08085106382978724
3 0.17341430499325236 0.8631205673758865 0.19973009446693657 0.0950354609929078
2 0.38124156545209176 0.850354609929078 0.2145748987854251 0.09219858156028368
2 0.3802294197031039 0.7567375886524823 0.21390013495276652 0.09219858156028368
2 0.38124156545209176 0.6631205673758865 0.21322537112010798 0.0950354609929078
2 0.3798920377867746 0.5673758865248227 0.2145748987854251 0.09645390070921986
2 0.37786774628879893 0.47304964539007094 0.2145748987854251 0.09219858156028368
0 0.37550607287449395 0.2851063829787234 0.19095816464237517 0.09645390070921986
0 0.3758434547908232 0.3801418439716312 0.1902834008097166 0.09361702127659574
2 0.6032388663967612 0.175177304964539 0.12685560053981107 0.075177304964539
5 0.6062753036437247 0.25957446808510637 0.21120107962213225 0.10212765957446808
5 0.6062753036437247 0.3567375886524823 0.21120107962213225 0.09219858156028368
2 0.6079622132253711 0.4645390070921986 0.2388663967611336 0.1148936170212766
2 0.6079622132253711 0.5836879432624114 0.23616734143049933 0.12624113475177304
2 0.6096491228070176 0.7042553191489361 0.23954116059379219 0.11773049645390071
2 0.6086369770580297 0.823404255319149 0.23751686909581646 0.12624113475177304
6 0.8319838056680162 0.8319148936170213 0.1970310391363023 0.09219858156028368
6 0.8306342780026991 0.7390070921985815 0.19838056680161945 0.09361702127659574
6 0.8275978407557355 0.6453900709219859 0.19230769230769232 0.09361702127659574
6 0.8248987854251012 0.5531914893617021 0.1950067476383266 0.08794326241134752
6 0.8248987854251012 0.4602836879432624 0.1950067476383266 0.09787234042553192
4 0.8265856950067476 0.3702127659574468 0.19433198380566802 0.08226950354609928
4 0.8242240215924427 0.2765957446808511 0.19635627530364372 0.09645390070921986
4 0.8238866396761133 0.18652482269503545 0.19433198380566802 0.09787234042553192
