2 0.34914285714285714 0.3136456211812627 0.18171428571428572 0.12627291242362526
2 0.3514285714285714 0.4470468431771894 0.18057142857142858 0.1446028513238289
2 0.3514285714285714 0.5814663951120163 0.18057142857142858 0.14052953156822812
2 0.35 0.7138492871690427 0.18342857142857144 0.1446028513238289
6 0.53 0.3054989816700611 0.16171428571428573 0.13441955193482688
6 0.5305714285714286 0.43890020366598775 0.16285714285714287 0.1364562118126273
6 0.5314285714285715 0.5712830957230143 0.16457142857142856 0.1364562118126273
6 0.5317142857142857 0.709775967413442 0.164 0.1446028513238289
1 0.7077142857142857 0.280040733197556 0.1662857142857143 0.13238289205702647
5 0.7122857142857143 0.4154786150712831 0.18457142857142858 0.14663951120162932
5 0.7142857142857143 0.5539714867617108 0.18857142857142858 0.1425661914460285
5 0.7148571428571429 0.6955193482688391 0.18742857142857142 0.15274949083503056
