4 0.11676829268292684 0.2736943907156673 0.15670731707317073 0.12572533849129594
4 0.11829268292682926 0.40038684719535783 0.15853658536585366 0.12379110251450677
3 0.12012195121951219 0.5203094777562862 0.1597560975609756 0.11218568665377177
3 0.12042682926829268 0.6266924564796905 0.1603658536585366 0.10058027079303675
3 0.11951219512195121 0.7359767891682786 0.16219512195121952 0.1218568665377176
3 0.11920731707317073 0.8423597678916828 0.1628048780487805 0.09090909090909091
0 0.28780487804878047 0.8268858800773694 0.17073170731707318 0.09477756286266925
0 0.2893292682926829 0.7108317214700194 0.16890243902439026 0.1218568665377176
0 0.286890243902439 0.586073500967118 0.16890243902439026 0.11992263056092843
2 0.2942073170731707 0.45938104448742745 0.1871951219512195 0.11411992263056092
2 0.2939024390243902 0.33365570599613154 0.1878048780487805 0.11411992263056092
2 0.2926829268292683 0.21083172147001933 0.18658536585365854 0.11605415860735009
2 0.4917682926829268 0.23017408123791103 0.2030487804878049 0.15860735009671179
2 0.4926829268292683 0.39748549323017407 0.20365853658536584 0.16054158607350097
2 0.4917682926829268 0.5570599613152805 0.20548780487804877 0.15473887814313347
5 0.47591463414634144 0.6992263056092843 0.1823170731707317 0.11411992263056092
5 0.4746951219512195 0.8152804642166345 0.18353658536585366 0.10638297872340426
6 0.6725609756097561 0.8123791102514507 0.16341463414634147 0.10831721470019343
6 0.6704268292682927 0.6914893617021277 0.1628048780487805 0.1102514506769826
6 0.6737804878048781 0.5754352030947776 0.15853658536585366 0.1218568665377176
6 0.6743902439024391 0.45357833655706 0.16097560975609757 0.11411992263056092
2 0.8469512195121951 0.4245647969052224 0.18292682926829268 0.11411992263056092
2 0.849390243902439 0.5502901353965184 0.18536585365853658 0.11411992263056092
2 0.8472560975609756 0.6740812379110251 0.1847560975609756 0.11411992263056092
2 0.8518292682926829 0.7978723404255319 0.18902439024390244 0.1102514506769826
