5 0.21211160431198478 0.2350620067643743 0.284717818642993 0.09131905298759865
5 0.21020925808497146 0.32130777903043967 0.28852251109701965 0.08117249154453213
5 0.2089410272669626 0.40304396843291995 0.2859860494610019 0.08229988726042842
5 0.21813570069752694 0.5062006764374295 0.280279010779962 0.10597519729425028
5 0.22130627774254916 0.6082299887260428 0.28662016487000636 0.09808342728297632
5 0.22511097019657578 0.709695603156708 0.27901077996195306 0.10710259301014656
5 0.22986683576410907 0.8083427282976324 0.2859860494610019 0.09244644870349493
2 0.5155358275206088 0.7993235625704622 0.26759670259987317 0.09695603156708005
2 0.5126823081800888 0.6995490417136415 0.2733037412809131 0.10033821871476889
2 0.5104629042485732 0.5992108229988726 0.27013316423589095 0.10033821871476889
2 0.5136334812935954 0.4971815107102593 0.27013316423589095 0.10372040586245772
2 0.5155358275206088 0.37993235625704624 0.3043753963221306 0.1262683201803833
2 0.5142675967025999 0.24464487034949267 0.3069118579581484 0.14205186020293123
4 0.7894736842105263 0.4971815107102593 0.24984147114774888 0.09019165727170236
4 0.7888395688015218 0.5896279594137542 0.24857324032974001 0.10146561443066517
4 0.7901077996195307 0.6927846674182638 0.24857324032974001 0.09131905298759865
4 0.7916930881420419 0.7897406989853438 0.24540266328471783 0.10259301014656144
