5 0.057053009883198565 0.39752650176678445 0.11410601976639713 0.15901060070671377
5 0.05480682839173405 0.5406360424028268 0.1096136567834681 0.14840989399293286
5 0.05390835579514825 0.6819787985865724 0.1078167115902965 0.14840989399293286
2 0.18957771787960467 0.32685512367491165 0.1096136567834681 0.1519434628975265
2 0.18418688230008984 0.46113074204946997 0.1096136567834681 0.14487632508833923
2 0.17969451931716082 0.588339222614841 0.1096136567834681 0.13074204946996468
2 0.17295597484276728 0.7084805653710248 0.11949685534591195 0.14487632508833923
1 0.3247978436657682 0.4204946996466431 0.17160826594788858 0.18374558303886926
1 0.3216531895777179 0.5777385159010601 0.1725067385444744 0.17314487632508835
1 0.3189577717879605 0.7314487632508834 0.17430368373764601 0.17667844522968199
2 0.5188679245283019 0.2968197879858657 0.1931716082659479 0.1625441696113074
2 0.5220125786163522 0.43992932862190814 0.21024258760107817 0.17314487632508835
2 0.5175202156334232 0.598939929328622 0.2138364779874214 0.1872791519434629
2 0.5143755615453729 0.7597173144876325 0.21473495058400718 0.17667844522968199
4 0.7129380053908356 0.3833922261484099 0.16801437556154536 0.1166077738515901
4 0.7174303683737646 0.5053003533568905 0.17699910152740342 0.13427561837455831
4 0.7160826594788859 0.6625441696113075 0.1778975741239892 0.16607773851590105
4 0.715633423180593 0.8003533568904594 0.17699910152740342 0.13780918727915195
3 0.889937106918239 0.27385159010600707 0.17160826594788858 0.14487632508833923
3 0.8962264150943396 0.411660777385159 0.1734052111410602 0.13780918727915195
3 0.8966756513926325 0.5530035335689046 0.1761006289308176 0.14487632508833923
3 0.8966756513926325 0.6908127208480566 0.1761006289308176 0.14487632508833923
3 0.8966756513926325 0.8303886925795053 0.1778975741239892 0.15547703180212014
