2 0.16231884057971013 0.13992537313432835 0.3101449275362319 0.19029850746268656
2 0.16521739130434782 0.333955223880597 0.3188405797101449 0.19776119402985073
2 0.1673913043478261 0.5317164179104478 0.32318840579710145 0.16791044776119404
2 0.16666666666666666 0.7145522388059702 0.32753623188405795 0.19776119402985073
3 0.49130434782608695 0.19962686567164178 0.3072463768115942 0.16044776119402984
3 0.48695652173913045 0.376865671641791 0.30144927536231886 0.16417910447761194
3 0.486231884057971 0.5466417910447762 0.3 0.16791044776119404
3 0.48695652173913045 0.7145522388059702 0.30144927536231886 0.17537313432835822
5 0.8239130434782609 0.0914179104477612 0.3463768115942029 0.1828358208955224
5 0.8210144927536231 0.291044776119403 0.3492753623188406 0.19402985074626866
5 0.8166666666666667 0.4906716417910448 0.35507246376811596 0.19029850746268656
5 0.8166666666666667 0.6791044776119403 0.3492753623188406 0.1865671641791045
