3 0.1990068754774637 0.18627450980392157 0.23605805958747136 0.08683473389355742
3 0.19786096256684493 0.27871148459383754 0.23834988540870894 0.1092436974789916
2 0.21008403361344538 0.38235294117647056 0.2643239113827349 0.10364145658263306
2 0.21122994652406418 0.48669467787114845 0.2727272727272727 0.10224089635854341
2 0.21466768525592056 0.5966386554621849 0.2734912146676853 0.1092436974789916
1 0.5019098548510313 0.3473389355742297 0.24904507257448433 0.10644257703081232
1 0.5007639419404125 0.45098039215686275 0.25133689839572193 0.1092436974789916
1 0.5022918258212375 0.5588235294117647 0.25286478227654696 0.1092436974789916
4 0.5080213903743316 0.6645658263305322 0.2612681436210848 0.11624649859943978
4 0.5091673032849503 0.7780112044817927 0.2635599694423224 0.11904761904761904
4 0.5080213903743316 0.8725490196078431 0.26585179526355995 0.07563025210084033
0 0.7734912146676852 0.14635854341736695 0.25133689839572193 0.10224089635854341
0 0.7727272727272727 0.24859943977591037 0.25133689839572193 0.10504201680672269
6 0.774637127578304 0.35084033613445376 0.2582123758594347 0.10504201680672269
6 0.7734912146676852 0.45518207282913165 0.2605042016806723 0.10364145658263306
6 0.7776928953399541 0.5595238095238095 0.26585179526355995 0.11064425770308123
5 0.7818945760122231 0.6666666666666666 0.28036669213139803 0.11484593837535013
5 0.7811306340718105 0.7780112044817927 0.28036669213139803 0.10784313725490197
5 0.7822765469824293 0.8718487394957983 0.2826585179526356 0.07983193277310924
