1 0.3333333333333333 0.6025236593059937 0.06554756195043965 0.61198738170347
1 0.3800959232613909 0.5946372239747634 0.06474820143884892 0.6151419558359621
2 0.5259792166266987 0.5678233438485805 0.047961630695443645 0.7066246056782335
2 0.5711430855315748 0.5520504731861199 0.042366107114308556 0.694006309148265
2 0.6227018385291767 0.5583596214511041 0.04156674660271783 0.6813880126182965
0 0.667066346922462 0.6041009463722398 0.04876099120703437 0.6088328075709779
0 0.7070343725019984 0.582018927444795 0.07114308553157474 0.6529968454258676
6 0.7545963229416467 0.6041009463722398 0.047961630695443645 0.6340694006309149
6 0.7985611510791367 0.5851735015772871 0.07993605115907274 0.6908517350157729
5 0.8509192645883293 0.5425867507886435 0.09672262190247802 0.7192429022082019
5 0.8992805755395683 0.5646687697160884 0.055955235811350916 0.7318611987381703
5 0.938449240607514 0.5425867507886435 0.10391686650679456 0.7066246056782335
4 0.42685851318944845 0.5914826498422713 0.05755395683453238 0.6403785488958991
4 0.48081534772182255 0.5757097791798107 0.04876099120703437 0.6656151419558359
