1 0.2198364008179959 0.276355421686747 0.2556237218813906 0.1280120481927711
2 0.21642808452624404 0.4066265060240964 0.2774369461486026 0.13855421686746988
2 0.2252897068847989 0.7996987951807228 0.2719836400817996 0.12349397590361445
0 0.5248807089297887 0.2522590361445783 0.24948875255623723 0.13102409638554216
6 0.521813224267212 0.3855421686746988 0.2556237218813906 0.12951807228915663
6 0.5241990456714383 0.5143072289156626 0.250852079072938 0.125
5 0.5241990456714383 0.6460843373493976 0.27539195637355146 0.12048192771084337
5 0.5184049079754601 0.776355421686747 0.2842535787321063 0.14006024096385541
3 0.7862985685071575 0.5918674698795181 0.2419904567143831 0.10843373493975904
3 0.7859577368779823 0.7025602409638554 0.24267211997273347 0.11295180722891567
3 0.7856169052488071 0.8140060240963856 0.2419904567143831 0.10993975903614457
