2 0.18092105263157895 0.5869565217391305 0.23684210526315788 0.16521739130434782
2 0.18092105263157895 0.75 0.23684210526315788 0.1608695652173913
5 0.4161184210526316 0.7630434782608696 0.23684210526315788 0.12608695652173912
5 0.4161184210526316 0.6282608695652174 0.23684210526315788 0.12608695652173912
5 0.4144736842105263 0.5021739130434782 0.23684210526315788 0.12608695652173912
5 0.4128289473684211 0.3717391304347826 0.23684210526315788 0.13478260869565217
5 0.4144736842105263 0.23478260869565218 0.24342105263157895 0.13043478260869565
3 0.647203947368421 0.2956521739130435 0.21546052631578946 0.11304347826086956
3 0.6430921052631579 0.4108695652173913 0.2138157894736842 0.12608695652173912
3 0.6422697368421053 0.5282608695652173 0.21217105263157895 0.11739130434782609
3 0.6414473684210527 0.6456521739130435 0.21052631578947367 0.12608695652173912
3 0.640625 0.7608695652173914 0.20888157894736842 0.11304347826086956
1 0.8453947368421053 0.7456521739130435 0.19407894736842105 0.12608695652173912
1 0.8429276315789473 0.6130434782608696 0.19572368421052633 0.13043478260869565
1 0.8445723684210527 0.48043478260869565 0.1924342105263158 0.13478260869565217
0 0.8495065789473685 0.34782608695652173 0.1825657894736842 0.14782608695652175
0 0.8486842105263158 0.21304347826086956 0.18421052631578946 0.13043478260869565
