5 0.8282051282051283 0.5029673590504451 0.3128205128205128 0.1394658753709199
5 0.82991452991453 0.642433234421365 0.3094017094017094 0.14540059347181009
5 0.8239316239316239 0.7744807121661721 0.30085470085470084 0.14836795252225518
5 0.8239316239316239 0.8931750741839762 0.30085470085470084 0.13056379821958458
6 0.8495726495726496 0.10089020771513353 0.30085470085470084 0.1543026706231454
6 0.8495726495726496 0.228486646884273 0.30085470085470084 0.14836795252225518
6 0.8452991452991453 0.3620178041543027 0.29914529914529914 0.142433234421365
0 0.5222222222222223 0.09495548961424333 0.3606837606837607 0.14836795252225518
0 0.523931623931624 0.22403560830860533 0.3572649572649573 0.1572700296735905
0 0.5153846153846153 0.36053412462908013 0.3572649572649573 0.14540059347181009
1 0.5042735042735043 0.49258160237388726 0.3452991452991453 0.142433234421365
1 0.5051282051282051 0.629080118694362 0.347008547008547 0.142433234421365
1 0.5068376068376068 0.7655786350148368 0.3401709401709402 0.142433234421365
1 0.5068376068376068 0.887240356083086 0.3401709401709402 0.12462908011869436
4 0.17777777777777778 0.0830860534124629 0.3384615384615385 0.13649851632047477
4 0.1794871794871795 0.2166172106824926 0.3316239316239316 0.1543026706231454
4 0.1811965811965812 0.3545994065281899 0.335042735042735 0.12759643916913946
4 0.1752136752136752 0.48813056379821956 0.3230769230769231 0.1394658753709199
4 0.1752136752136752 0.6186943620178041 0.3230769230769231 0.12166172106824925
4 0.1752136752136752 0.7522255192878339 0.3230769230769231 0.1394658753709199
4 0.17435897435897435 0.8768545994065282 0.3247863247863248 0.10979228486646884
