3 0.12297921478060046 0.1679160419790105 0.15242494226327943 0.09895052473763119
3 0.12297921478060046 0.2653673163418291 0.15242494226327943 0.095952023988006
3 0.12326789838337182 0.3583208395802099 0.15069284064665128 0.095952023988006
3 0.12413394919168591 0.4527736131934033 0.15242494226327943 0.095952023988006
1 0.12442263279445727 0.6056971514242878 0.15184757505773672 0.08995502248875563
1 0.12384526558891455 0.7031484257871065 0.15300230946882218 0.10494752623688156
1 0.12384526558891455 0.8058470764617691 0.15300230946882218 0.10044977511244378
0 0.2843533487297921 0.6071964017991005 0.17032332563510394 0.09295352323838081
0 0.2843533487297921 0.7068965517241379 0.17032332563510394 0.10644677661169415
0 0.2846420323325635 0.8118440779610195 0.17090069284064666 0.10344827586206896
2 0.29503464203233254 0.44752623688155924 0.1905311778290993 0.10944527736131934
2 0.29532332563510394 0.3403298350824588 0.19110854503464203 0.10494752623688156
2 0.2947459584295612 0.2436281859070465 0.1922632794457275 0.08845577211394302
2 0.2956120092378753 0.15817091454272864 0.19399538106235567 0.08245877061469266
2 0.5002886836027713 0.1724137931034483 0.21304849884526558 0.11394302848575712
2 0.49884526558891457 0.2983508245877061 0.21478060046189376 0.13793103448275862
2 0.4982678983833718 0.4332833583208396 0.21362586605080833 0.13193403298350825
6 0.6934180138568129 0.164167916041979 0.17321016166281755 0.08845577211394302
6 0.6928406466512702 0.2608695652173913 0.17436489607390301 0.10494752623688156
6 0.6916859122401847 0.36656671664167917 0.1720554272517321 0.10644677661169415
6 0.6913972286374134 0.4625187406296852 0.17263279445727484 0.08545727136431784
2 0.8423787528868361 0.1679160419790105 0.11662817551963048 0.09295352323838081
2 0.8380484988452656 0.2638680659670165 0.11836027713625866 0.09895052473763119
2 0.8368937644341802 0.3575712143928036 0.11720554272517321 0.08845577211394302
2 0.8366050808314087 0.4497751124437781 0.11778290993071594 0.095952023988006
5 0.4647806004618938 0.618440779610195 0.18822170900692842 0.08545727136431784
5 0.46506928406466513 0.712143928035982 0.18995381062355657 0.10494752623688156
5 0.4647806004618938 0.8170914542728636 0.18937644341801385 0.10494752623688156
5 0.6564665127020786 0.5922038980509745 0.18937644341801385 0.08695652173913043
5 0.6570438799076213 0.6874062968515742 0.19168591224018475 0.0944527736131934
5 0.6561778290993071 0.7886056971514243 0.19341801385681293 0.10794602698650675
