5 0.2190876350540216 0.22872340425531915 0.290516206482593 0.08936170212765958
5 0.21758703481392558 0.3159574468085106 0.2935174069627851 0.0851063829787234
5 0.21608643457382953 0.3984042553191489 0.290516206482593 0.0797872340425532
5 0.22268907563025211 0.5 0.2857142857142857 0.10212765957446808
5 0.22208883553421369 0.6031914893617021 0.2845138055222089 0.10425531914893617
5 0.22569027611044418 0.7106382978723405 0.2797118847539016 0.09787234042553192
5 0.22779111644657862 0.8074468085106383 0.28391356542617047 0.09574468085106383
2 0.526110444177671 0.8143617021276596 0.27791116446578634 0.10319148936170212
2 0.526110444177671 0.7111702127659575 0.27791116446578634 0.10319148936170212
2 0.5297118847539015 0.6085106382978723 0.28271308523409366 0.1
2 0.53031212484994 0.5047872340425532 0.2815126050420168 0.1074468085106383
2 0.5288115246098439 0.4074468085106383 0.28211284513805523 0.07659574468085106
2 0.5276110444177671 0.325 0.2845138055222089 0.08829787234042553
2 0.5276110444177671 0.2398936170212766 0.2845138055222089 0.08191489361702127
4 0.7995198079231692 0.24308510638297873 0.24969987995198079 0.0797872340425532
4 0.7995198079231692 0.326063829787234 0.24969987995198079 0.08617021276595745
4 0.7995198079231692 0.41117021276595744 0.24969987995198079 0.08404255319148936
4 0.8001200480192077 0.5058510638297873 0.24849939975990396 0.10531914893617021
4 0.8013205282112845 0.6074468085106383 0.25090036014405764 0.09787234042553192
4 0.8013205282112845 0.7079787234042553 0.25090036014405764 0.10319148936170212
4 0.8022208883553421 0.8074468085106383 0.2527010804321729 0.09574468085106383
