0 0.2021777516185992 0.28083989501312334 0.25250147145379637 0.13385826771653545
1 0.20306062389640966 0.41338582677165353 0.24720423778693348 0.13123359580052493
2 0.22748675691583284 0.8090551181102362 0.26898175397292523 0.1089238845144357
5 0.5155974102413184 0.7860892388451444 0.27898763978811064 0.13385826771653545
5 0.5123602118893467 0.6509186351706037 0.27251324308416713 0.12335958005249344
5 0.5126545026486168 0.5242782152230971 0.2731018246027075 0.12992125984251968
6 0.5123602118893467 0.39763779527559057 0.25014714537963506 0.13123359580052493
6 0.5073572689817539 0.2618110236220472 0.2577987051206592 0.1325459317585302
3 0.7807533843437316 0.5997375328083989 0.24308416715715125 0.10498687664041995
3 0.7804590935844614 0.7073490813648294 0.2413184226015303 0.11548556430446194
3 0.7783990582695703 0.818241469816273 0.23837551500882873 0.1062992125984252
