5 0.4771210676835081 0.3147286821705426 0.18398474737845566 0.09922480620155039
5 0.4780743565300286 0.41472868217054265 0.18779790276453764 0.09767441860465116
5 0.4771210676835081 0.5093023255813953 0.18779790276453764 0.09457364341085271
5 0.4747378455672069 0.6069767441860465 0.18303145853193517 0.10077519379844961
5 0.47855100095328884 0.7007751937984497 0.1773117254528122 0.09922480620155039
5 0.4799809342230696 0.7937984496124031 0.1801715919923737 0.08992248062015504
5 0.657769304099142 0.7875968992248062 0.1754051477597712 0.09612403100775194
5 0.657769304099142 0.6930232558139535 0.17349857006673022 0.08992248062015504
5 0.6582459485224023 0.6 0.1744518589132507 0.09302325581395349
5 0.6582459485224023 0.5069767441860465 0.1744518589132507 0.08992248062015504
5 0.6630123927550048 0.41472868217054265 0.18207816968541468 0.09457364341085271
5 0.6611058150619638 0.31550387596899226 0.18398474737845566 0.09767441860465116
2 0.8412774070543375 0.31317829457364343 0.1782650142993327 0.08992248062015504
2 0.8403241182078169 0.40852713178294575 0.1801715919923737 0.10077519379844961
2 0.8403241182078169 0.5015503875968992 0.17635843660629172 0.08837209302325581
2 0.8393708293612965 0.5968992248062015 0.1782650142993327 0.10232558139534884
2 0.8374642516682554 0.6891472868217055 0.1782650142993327 0.08527131782945736
2 0.8355576739752145 0.7813953488372093 0.1801715919923737 0.10542635658914729
