5 0.4110371075166508 0.10013812154696132 0.241674595623216 0.0925414364640884
0 0.6950523311132255 0.20925414364640885 0.23311132254995243 0.0925414364640884
0 0.6931493815413892 0.29765193370165743 0.23311132254995243 0.09806629834254144
0 0.6945765937202664 0.3715469613259669 0.23215984776403426 0.08287292817679558
0 0.6546146527117032 0.4516574585635359 0.22645099904852523 0.09944751381215469
1 0.1137012369172217 0.7603591160220995 0.19314938154138916 0.0925414364640884
2 0.14985727878211227 0.8397790055248618 0.21408182683158897 0.09668508287292818
2 0.15699333967649856 0.9178176795580111 0.21122740247383445 0.09530386740331492
0 0.3610846812559467 0.6422651933701657 0.21027592768791628 0.09944751381215469
5 0.3748810656517602 0.7209944751381215 0.2340627973358706 0.09668508287292818
5 0.37297811607992387 0.7941988950276243 0.2302568981921979 0.09392265193370165
5 0.37440532825880113 0.8756906077348067 0.2274024738344434 0.0856353591160221
5 0.37630827783063747 0.9516574585635359 0.22930542340627974 0.09116022099447514
5 0.5608943862987631 0.7727900552486188 0.13986679352997144 0.08149171270718232
5 0.5589914367269267 0.8480662983425414 0.14367269267364416 0.07734806629834254
5 0.5623215984776403 0.9205801104972375 0.142721217887726 0.0787292817679558
5 0.5647002854424358 0.9765193370165746 0.13986679352997144 0.04696132596685083
