3 0.2911275415896488 0.9008179959100204 0.5231053604436229 0.12883435582822086
4 0.2957486136783734 0.36503067484662577 0.5360443622920518 0.16155419222903886
4 0.2846580406654344 0.5132924335378323 0.532347504621072 0.1554192229038855
5 0.27911275415896486 0.7750511247443763 0.5582255083179297 0.1390593047034765
6 0.7606284658040665 0.30265848670756645 0.40850277264325324 0.147239263803681
6 0.7597042513863216 0.4335378323108384 0.4066543438077634 0.1390593047034765
6 0.7634011090573013 0.5593047034764826 0.41404805914972276 0.12065439672801637
6 0.7643253234750462 0.6728016359918201 0.4121996303142329 0.10633946830265849
6 0.7634011090573013 0.7832310838445807 0.39926062846580407 0.10224948875255624
6 0.7606284658040665 0.8875255623721882 0.40850277264325324 0.09815950920245399
