5 0.11538461538461539 0.24309978768577495 0.16063348416289594 0.1337579617834395
5 0.11906108597285067 0.3842887473460722 0.1578054298642534 0.15711252653927812
5 0.12160633484162896 0.5276008492569002 0.15271493212669685 0.13800424628450106
5 0.126131221719457 0.6645435244161358 0.15610859728506787 0.14012738853503184
5 0.12952488687782807 0.778131634819533 0.15384615384615385 0.09129511677282377
6 0.2796945701357466 0.2537154989384289 0.16346153846153846 0.12951167728237792
6 0.28308823529411764 0.4002123142250531 0.16119909502262444 0.13800424628450106
6 0.2839366515837104 0.5339702760084926 0.16289592760180996 0.13800424628450106
6 0.2861990950226244 0.6687898089171974 0.1583710407239819 0.13588110403397027
6 0.2870475113122172 0.7749469214437368 0.1589366515837104 0.08067940552016985
4 0.4457013574660634 0.7738853503184714 0.15610859728506787 0.08280254777070063
4 0.44428733031674206 0.6645435244161358 0.1578054298642534 0.13588110403397027
4 0.4457013574660634 0.5265392781316348 0.15723981900452488 0.14012738853503184
1 0.4459841628959276 0.386411889596603 0.15667420814479638 0.1316348195329087
1 0.4468325791855204 0.25583864118895966 0.1583710407239819 0.12951167728237792
3 0.6097285067873304 0.2197452229299363 0.1595022624434389 0.06157112526539278
3 0.6057692307692307 0.3174097664543524 0.1595022624434389 0.12951167728237792
3 0.6043552036199095 0.4426751592356688 0.15667420814479638 0.12101910828025478
3 0.6046380090497737 0.5658174097664543 0.15610859728506787 0.13800424628450106
3 0.602658371040724 0.6825902335456475 0.15441176470588236 0.10828025477707007
3 0.6001131221719457 0.772823779193206 0.1583710407239819 0.08067940552016985
2 0.7890271493212669 0.24097664543524416 0.17647058823529413 0.1337579617834395
